0.0492283950617 0.0 0.0 0.0 0.0 0.0 0.16790695016 0.0 0.0 0.0 0.0 0.0 0.122242226795 0.0 0.0 0.0 0.0 0.0 0.0 0.47827789209 0.0 0.0 0.0 0.0 0.0 0.966169410151 0.0 0.0 0.0 0.0 0.0 0.0 0.778952331962 0.0 0.0 0.0 0.0 0.0 0.250120027435 0.0 0.0 0.0 0.0 0.0 0.0 0.252606310014 0.0 0.0 0.0 0.0 0.0 2.98950617284 0.0 0.0 0.0 0.0 0.0 0.389434727938 1 
0.0943958619113 0.0 0.0 0.0 0.0 0.0 0.218212734339 0.0 0.0 0.0 0.0 0.0 0.202217649749 0.0 0.0 0.0 0.0 0.0 0.0 0.613863168724 0.0 0.0 0.0 0.0 0.0 0.970064586191 0.0 0.0 0.0 0.0 0.0 0.0 0.895558984911 0.0 0.0 0.0 0.0 0.0 0.383550525834 0.0 0.0 0.0 0.0 0.0 0.0 0.279209533608 0.0 0.0 0.0 0.0 0.0 2.40042295382 0.0 0.0 0.0 0.0 0.0 0.386948445359 1 
0.0526263145862 0.0 0.0 0.0 0.0 0.0 0.146690672154 0.0 0.0 0.0 0.0 0.0 0.114617626886 0.0 0.0 0.0 0.0 0.0 0.0 0.416700960219 0.0 0.0 0.0 0.0 0.0 0.874922839506 0.0 0.0 0.0 0.0 0.0 0.0 0.725994513032 0.0 0.0 0.0 0.0 0.0 0.226583219021 0.0 0.0 0.0 0.0 0.0 0.0 0.22600308642 0.0 0.0 0.0 0.0 0.0 3.30816472337 0.0 0.0 0.0 0.0 0.0 0.352140489255 1 
0.0488140146319 0.0 0.0 0.0 0.0 0.0 0.161856995885 0.0 0.0 0.0 0.0 0.0 0.12008744856 0.0 0.0 0.0 0.0 0.0 0.0 0.484079218107 0.0 0.0 0.0 0.0 0.0 0.92473136717 0.0 0.0 0.0 0.0 0.0 0.0 0.811025377229 0.0 0.0 0.0 0.0 0.0 0.260148033836 0.0 0.0 0.0 0.0 0.0 0.0 0.25658436214 0.0 0.0 0.0 0.0 0.0 2.99174382716 0.0 0.0 0.0 0.0 0.0 0.385373799726 1 
0.176857567444 0.0 0.0 0.0 0.0 0.0 0.419270118884 0.0 0.0 0.0 0.0 0.0 0.339460448102 0.0 0.0 0.0 0.0 0.0 0.0 0.855115454961 0.0 0.0 0.0 0.0 0.0 1.42132487426 0.0 0.0 0.0 0.0 0.0 0.0 1.17170210334 0.0 0.0 0.0 0.0 0.0 0.573834019204 0.0 0.0 0.0 0.0 0.0 0.0 0.448856881573 0.0 0.0 0.0 0.0 0.0 0.490957933242 0.0 0.0 0.0 0.0 0.0 0.547065043439 1 
0.053123571102 0.0 0.0 0.0 0.0 0.0 0.157878943759 0.0 0.0 0.0 0.0 0.0 0.119092935528 0.0 0.0 0.0 0.0 0.0 0.0 0.469990283493 0.0 0.0 0.0 0.0 0.0 0.906830132602 0.0 0.0 0.0 0.0 0.0 0.0 0.808373342478 0.0 0.0 0.0 0.0 0.0 0.263380201189 0.0 0.0 0.0 0.0 0.0 0.0 0.245396090535 0.0 0.0 0.0 0.0 0.0 3.04867969822 0.0 0.0 0.0 0.0 0.0 0.371699245542 1 
0.0499742798354 0.0 0.0 0.0 0.0 0.0 0.165586419753 0.0 0.0 0.0 0.0 0.0 0.123733996342 0.0 0.0 0.0 0.0 0.0 0.0 0.482090192044 0.0 0.0 0.0 0.0 0.0 0.938240169182 0.0 0.0 0.0 0.0 0.0 0.0 0.792295381802 0.0 0.0 0.0 0.0 0.0 0.267275377229 0.0 0.0 0.0 0.0 0.0 0.0 0.248131001372 0.0 0.0 0.0 0.0 0.0 2.99713077275 0.0 0.0 0.0 0.0 0.0 0.379986854138 1 
0.0539523319616 0.0 0.0 0.0 0.0 0.0 0.162520004572 0.0 0.0 0.0 0.0 0.0 0.117352537723 0.0 0.0 0.0 0.0 0.0 0.0 0.469824531321 0.0 0.0 0.0 0.0 0.0 0.960782464563 0.0 0.0 0.0 0.0 0.0 0.0 0.780775605853 0.0 0.0 0.0 0.0 0.0 0.254263831733 0.0 0.0 0.0 0.0 0.0 0.0 0.247716620942 0.0 0.0 0.0 0.0 0.0 2.99887117055 0.0 0.0 0.0 0.0 0.0 0.398385345222 1 
0.0514660493827 0.0 0.0 0.0 0.0 0.0 0.171470621856 0.0 0.0 0.0 0.0 0.0 0.128209304984 0.0 0.0 0.0 0.0 0.0 0.0 0.484410722451 0.0 0.0 0.0 0.0 0.0 0.900282921811 0.0 0.0 0.0 0.0 0.0 0.0 0.78740569273 0.0 0.0 0.0 0.0 0.0 0.263463077275 0.0 0.0 0.0 0.0 0.0 0.0 0.252523433928 0.0 0.0 0.0 0.0 0.0 3.01718678555 0.0 0.0 0.0 0.0 0.0 0.388025834476 1 
0.0514660493827 0.0 0.0 0.0 0.0 0.0 0.171470621856 0.0 0.0 0.0 0.0 0.0 0.128209304984 0.0 0.0 0.0 0.0 0.0 0.0 0.484410722451 0.0 0.0 0.0 0.0 0.0 0.900282921811 0.0 0.0 0.0 0.0 0.0 0.0 0.78740569273 0.0 0.0 0.0 0.0 0.0 0.263463077275 0.0 0.0 0.0 0.0 0.0 0.0 0.252523433928 0.0 0.0 0.0 0.0 0.0 3.01718678555 0.0 0.0 0.0 0.0 0.0 0.388025834476 1 
0.0544495884774 0.0 0.0 0.0 0.0 0.0 0.169150091449 0.0 0.0 0.0 0.0 0.0 0.121413465935 0.0 0.0 0.0 0.0 0.0 0.0 0.482753200732 0.0 0.0 0.0 0.0 0.0 0.868127000457 0.0 0.0 0.0 0.0 0.0 0.0 0.803400777321 0.0 0.0 0.0 0.0 0.0 0.267275377229 0.0 0.0 0.0 0.0 0.0 0.0 0.251114540466 0.0 0.0 0.0 0.0 0.0 3.0434585048 0.0 0.0 0.0 0.0 0.0 0.383301897577 1 
0.0335648148148 0.0 0.0 0.0 0.0 0.0 0.0973794010059 0.0 0.0 0.0 0.0 0.0 0.095141746685 0.0 0.0 0.0 0.0 0.0 0.0 0.403689414723 0.0 0.0 0.0 0.0 0.0 0.849977137631 0.0 0.0 0.0 0.0 0.0 0.0 0.708922039323 0.0 0.0 0.0 0.0 0.0 0.202632030178 0.0 0.0 0.0 0.0 0.0 0.0 0.157133058985 0.0 0.0 0.0 0.0 0.0 3.66933870599 0.0 0.0 0.0 0.0 0.0 0.226666095107 2 
0.0912465706447 0.0 0.0 0.0 0.0 0.0 0.239429012346 0.0 0.0 0.0 0.0 0.0 0.175200045725 0.0 0.0 0.0 0.0 0.0 0.0 0.567038180155 0.0 0.0 0.0 0.0 0.0 0.914620484682 0.0 0.0 0.0 0.0 0.0 0.0 0.959373571102 0.0 0.0 0.0 0.0 0.0 0.374102652035 0.0 0.0 0.0 0.0 0.0 0.0 0.350068587106 0.0 0.0 0.0 0.0 0.0 2.27204789666 0.0 0.0 0.0 0.0 0.0 0.501317443987 2 
0.0789809099223 0.0 0.0 0.0 0.0 0.0 0.204952560585 0.0 0.0 0.0 0.0 0.0 0.170227480567 0.0 0.0 0.0 0.0 0.0 0.0 0.562977251943 0.0 0.0 0.0 0.0 0.0 0.986059670782 0.0 0.0 0.0 0.0 0.0 0.0 0.926554641061 0.0 0.0 0.0 0.0 0.0 0.341200845908 0.0 0.0 0.0 0.0 0.0 0.0 0.302829218107 0.0 0.0 0.0 0.0 0.0 2.4365569273 0.0 0.0 0.0 0.0 0.0 0.434104938272 2 
0.0489797668038 0.0 0.0 0.0 0.0 0.0 0.142546867856 0.0 0.0 0.0 0.0 0.0 0.119010059442 0.0 0.0 0.0 0.0 0.0 0.0 0.496262002743 0.0 0.0 0.0 0.0 0.0 0.981915866484 0.0 0.0 0.0 0.0 0.0 0.0 0.879232395976 0.0 0.0 0.0 0.0 0.0 0.28799439872 0.0 0.0 0.0 0.0 0.0 0.0 0.218958619113 0.0 0.0 0.0 0.0 0.0 2.98818015546 0.0 0.0 0.0 0.0 0.0 0.281364311843 2 
0.0759144947417 0.0 0.0 0.0 0.0 0.0 0.21614083219 0.0 0.0 0.0 0.0 0.0 0.166166552355 0.0 0.0 0.0 0.0 0.0 0.0 0.566706675812 0.0 0.0 0.0 0.0 0.0 0.924897119342 0.0 0.0 0.0 0.0 0.0 0.0 0.95920781893 0.0 0.0 0.0 0.0 0.0 0.366975308642 0.0 0.0 0.0 0.0 0.0 0.0 0.324957133059 0.0 0.0 0.0 0.0 0.0 2.39387574303 0.0 0.0 0.0 0.0 0.0 0.449602766347 2 
0.0759144947417 0.0 0.0 0.0 0.0 0.0 0.21614083219 0.0 0.0 0.0 0.0 0.0 0.166166552355 0.0 0.0 0.0 0.0 0.0 0.0 0.566706675812 0.0 0.0 0.0 0.0 0.0 0.924897119342 0.0 0.0 0.0 0.0 0.0 0.0 0.95920781893 0.0 0.0 0.0 0.0 0.0 0.366975308642 0.0 0.0 0.0 0.0 0.0 0.0 0.324957133059 0.0 0.0 0.0 0.0 0.0 2.39387574303 0.0 0.0 0.0 0.0 0.0 0.449602766347 2 
0.116275148605 0.0 0.0 0.0 0.0 0.0 0.304486739826 0.0 0.0 0.0 0.0 0.0 0.256667238226 0.0 0.0 0.0 0.0 0.0 0.0 0.800417238226 0.0 0.0 0.0 0.0 0.0 1.43284465021 0.0 0.0 0.0 0.0 0.0 0.0 1.21537780064 0.0 0.0 0.0 0.0 0.0 0.495433241884 0.0 0.0 0.0 0.0 0.0 0.0 0.383301897577 0.0 0.0 0.0 0.0 0.0 0.924151234568 0.0 0.0 0.0 0.0 0.0 0.515489254687 2 
0.0772405121171 0.0 0.0 0.0 0.0 0.0 0.212494284408 0.0 0.0 0.0 0.0 0.0 0.161856995885 0.0 0.0 0.0 0.0 0.0 0.0 0.551374599909 0.0 0.0 0.0 0.0 0.0 0.915532121628 0.0 0.0 0.0 0.0 0.0 0.0 0.971307727481 0.0 0.0 0.0 0.0 0.0 0.348079561043 0.0 0.0 0.0 0.0 0.0 0.0 0.309873685414 0.0 0.0 0.0 0.0 0.0 2.43904320988 0.0 0.0 0.0 0.0 0.0 0.457641746685 2 
0.0755829903978 0.0 0.0 0.0 0.0 0.0 0.212991540924 0.0 0.0 0.0 0.0 0.0 0.159453589392 0.0 0.0 0.0 0.0 0.0 0.0 0.558584819387 0.0 0.0 0.0 0.0 0.0 0.941886716964 0.0 0.0 0.0 0.0 0.0 0.0 0.953157864655 0.0 0.0 0.0 0.0 0.0 0.34957133059 0.0 0.0 0.0 0.0 0.0 0.0 0.324957133059 0.0 0.0 0.0 0.0 0.0 2.42387688615 0.0 0.0 0.0 0.0 0.0 0.444381572931 2 
0.0879315272062 0.0 0.0 0.0 0.0 0.0 0.2290695016 0.0 0.0 0.0 0.0 0.0 0.176277434842 0.0 0.0 0.0 0.0 0.0 0.0 0.56181698674 0.0 0.0 0.0 0.0 0.0 0.973462505716 0.0 0.0 0.0 0.0 0.0 0.0 0.938488797439 0.0 0.0 0.0 0.0 0.0 0.348079561043 0.0 0.0 0.0 0.0 0.0 0.0 0.325868770005 0.0 0.0 0.0 0.0 0.0 2.34763088706 0.0 0.0 0.0 0.0 0.0 0.455818472794 2 
0.0779863968907 0.0 0.0 0.0 0.0 0.0 0.211914151806 0.0 0.0 0.0 0.0 0.0 0.164509030636 0.0 0.0 0.0 0.0 0.0 0.0 0.547313671696 0.0 0.0 0.0 0.0 0.0 0.933599108368 0.0 0.0 0.0 0.0 0.0 0.0 0.939980566987 0.0 0.0 0.0 0.0 0.0 0.346504915409 0.0 0.0 0.0 0.0 0.0 0.0 0.312774348422 0.0 0.0 0.0 0.0 0.0 2.48064700503 0.0 0.0 0.0 0.0 0.0 0.4292152492 2 
0.0208018975766 0.0 0.0 0.0 0.0 0.0 0.0855281207133 0.0 0.0 0.0 0.0 0.0 0.0649748513946 0.0 0.0 0.0 0.0 0.0 0.0 0.345013145862 0.0 0.0 0.0 0.0 0.0 0.914371856424 0.0 0.0 0.0 0.0 0.0 0.0 0.735359510745 0.0 0.0 0.0 0.0 0.0 0.182658893461 0.0 0.0 0.0 0.0 0.0 0.0 0.154646776406 0.0 0.0 0.0 0.0 0.0 3.74251828989 0.0 0.0 0.0 0.0 0.0 0.198571101966 3 
0.0300011431184 0.0 0.0 0.0 0.0 0.0 0.109147805213 0.0 0.0 0.0 0.0 0.0 0.0787322816644 0.0 0.0 0.0 0.0 0.0 0.0 0.357195930498 0.0 0.0 0.0 0.0 0.0 0.833484796525 0.0 0.0 0.0 0.0 0.0 0.0 0.665992226795 0.0 0.0 0.0 0.0 0.0 0.183404778235 0.0 0.0 0.0 0.0 0.0 0.0 0.182658893461 0.0 0.0 0.0 0.0 0.0 3.76008802012 0.0 0.0 0.0 0.0 0.0 0.243738568816 3 
0.0311614083219 0.0 0.0 0.0 0.0 0.0 0.106661522634 0.0 0.0 0.0 0.0 0.0 0.0831247142204 0.0 0.0 0.0 0.0 0.0 0.0 0.345096021948 0.0 0.0 0.0 0.0 0.0 0.860170896205 0.0 0.0 0.0 0.0 0.0 0.0 0.624637059899 0.0 0.0 0.0 0.0 0.0 0.169813100137 0.0 0.0 0.0 0.0 0.0 0.0 0.15845907636 0.0 0.0 0.0 0.0 0.0 3.82597450846 0.0 0.0 0.0 0.0 0.0 0.23934613626 3 
0.0322387974394 0.0 0.0 0.0 0.0 0.0 0.13608253315 0.0 0.0 0.0 0.0 0.0 0.0871027663466 0.0 0.0 0.0 0.0 0.0 0.0 0.500074302698 0.0 0.0 0.0 0.0 0.0 1.00611568358 0.0 0.0 0.0 0.0 0.0 0.0 1.01100537266 0.0 0.0 0.0 0.0 0.0 0.321807841792 0.0 0.0 0.0 0.0 0.0 0.0 0.252440557842 0.0 0.0 0.0 0.0 0.0 2.83054983996 0.0 0.0 0.0 0.0 0.0 0.267026748971 3 
0.0282607453132 0.0 0.0 0.0 0.0 0.0 0.0958047553727 0.0 0.0 0.0 0.0 0.0 0.0788151577503 0.0 0.0 0.0 0.0 0.0 0.0 0.349819958848 0.0 0.0 0.0 0.0 0.0 0.878569387289 0.0 0.0 0.0 0.0 0.0 0.0 0.633339048925 0.0 0.0 0.0 0.0 0.0 0.165586419753 0.0 0.0 0.0 0.0 0.0 0.0 0.155061156836 0.0 0.0 0.0 0.0 0.0 3.84064357567 0.0 0.0 0.0 0.0 0.0 0.218544238683 3 
0.0282607453132 0.0 0.0 0.0 0.0 0.0 0.0958047553727 0.0 0.0 0.0 0.0 0.0 0.0788151577503 0.0 0.0 0.0 0.0 0.0 0.0 0.349819958848 0.0 0.0 0.0 0.0 0.0 0.878569387289 0.0 0.0 0.0 0.0 0.0 0.0 0.633339048925 0.0 0.0 0.0 0.0 0.0 0.165586419753 0.0 0.0 0.0 0.0 0.0 0.0 0.155061156836 0.0 0.0 0.0 0.0 0.0 3.84064357567 0.0 0.0 0.0 0.0 0.0 0.218544238683 3 
0.075251486054 0.0 0.0 0.0 0.0 0.0 0.282193072702 0.0 0.0 0.0 0.0 0.0 0.196250571559 0.0 0.0 0.0 0.0 0.0 0.0 0.835805326932 0.0 0.0 0.0 0.0 0.0 1.56312585734 0.0 0.0 0.0 0.0 0.0 0.0 1.40325788752 0.0 0.0 0.0 0.0 0.0 0.562811499771 0.0 0.0 0.0 0.0 0.0 0.0 0.384379286694 0.0 0.0 0.0 0.0 0.0 0.666157978967 0.0 0.0 0.0 0.0 0.0 0.475211476909 3 
0.0295038866027 0.0 0.0 0.0 0.0 0.0 0.0984567901235 0.0 0.0 0.0 0.0 0.0 0.0816329446731 0.0 0.0 0.0 0.0 0.0 0.0 0.369212962963 0.0 0.0 0.0 0.0 0.0 0.843512802926 0.0 0.0 0.0 0.0 0.0 0.0 0.673036694102 0.0 0.0 0.0 0.0 0.0 0.175945930498 0.0 0.0 0.0 0.0 0.0 0.0 0.165254915409 0.0 0.0 0.0 0.0 0.0 3.77069615912 0.0 0.0 0.0 0.0 0.0 0.237191358025 3 
0.0290895061728 0.0 0.0 0.0 0.0 0.0 0.0975451531779 0.0 0.0 0.0 0.0 0.0 0.0821302011888 0.0 0.0 0.0 0.0 0.0 0.0 0.355124028349 0.0 0.0 0.0 0.0 0.0 0.836634087791 0.0 0.0 0.0 0.0 0.0 0.0 0.639389003201 0.0 0.0 0.0 0.0 0.0 0.175614426155 0.0 0.0 0.0 0.0 0.0 0.0 0.15414951989 0.0 0.0 0.0 0.0 0.0 3.84652777778 0.0 0.0 0.0 0.0 0.0 0.228240740741 3 
0.0294210105167 0.0 0.0 0.0 0.0 0.0 0.101108824874 0.0 0.0 0.0 0.0 0.0 0.0809699359854 0.0 0.0 0.0 0.0 0.0 0.0 0.351726108825 0.0 0.0 0.0 0.0 0.0 0.837131344307 0.0 0.0 0.0 0.0 0.0 0.0 0.645521833562 0.0 0.0 0.0 0.0 0.0 0.170890489255 0.0 0.0 0.0 0.0 0.0 0.0 0.157796067673 0.0 0.0 0.0 0.0 0.0 3.83227309099 0.0 0.0 0.0 0.0 0.0 0.237605738455 3 
0.0291723822588 0.0 0.0 0.0 0.0 0.0 0.10160608139 0.0 0.0 0.0 0.0 0.0 0.0758316186557 0.0 0.0 0.0 0.0 0.0 0.0 0.362168495656 0.0 0.0 0.0 0.0 0.0 0.849728509374 0.0 0.0 0.0 0.0 0.0 0.0 0.640300640146 0.0 0.0 0.0 0.0 0.0 0.172796639232 0.0 0.0 0.0 0.0 0.0 0.0 0.169647347965 0.0 0.0 0.0 0.0 0.0 3.80948216735 0.0 0.0 0.0 0.0 0.0 0.233710562414 3 
0.0297525148605 0.0 0.0 0.0 0.0 0.0 0.108567672611 0.0 0.0 0.0 0.0 0.0 0.0725165752172 0.0 0.0 0.0 0.0 0.0 0.0 0.370041723823 0.0 0.0 0.0 0.0 0.0 0.855364083219 0.0 0.0 0.0 0.0 0.0 0.0 0.744724508459 0.0 0.0 0.0 0.0 0.0 0.189288980338 0.0 0.0 0.0 0.0 0.0 0.0 0.180586991312 0.0 0.0 0.0 0.0 0.0 3.65616140832 0.0 0.0 0.0 0.0 0.0 0.237439986283 4 
0.0665494970279 0.0 0.0 0.0 0.0 0.0 0.211914151806 0.0 0.0 0.0 0.0 0.0 0.129286694102 0.0 0.0 0.0 0.0 0.0 0.0 0.485073731139 0.0 0.0 0.0 0.0 0.0 0.912548582533 0.0 0.0 0.0 0.0 0.0 0.0 0.844010059442 0.0 0.0 0.0 0.0 0.0 0.288988911751 0.0 0.0 0.0 0.0 0.0 0.0 0.268021262003 0.0 0.0 0.0 0.0 0.0 2.81621227709 0.0 0.0 0.0 0.0 0.0 0.421839277549 4 
0.0600022862369 0.0 0.0 0.0 0.0 0.0 0.192355395519 0.0 0.0 0.0 0.0 0.0 0.122573731139 0.0 0.0 0.0 0.0 0.0 0.0 0.481675811614 0.0 0.0 0.0 0.0 0.0 0.953903749428 0.0 0.0 0.0 0.0 0.0 0.0 0.851303155007 0.0 0.0 0.0 0.0 0.0 0.29230395519 0.0 0.0 0.0 0.0 0.0 0.0 0.250783036123 0.0 0.0 0.0 0.0 0.0 2.8332847508 0.0 0.0 0.0 0.0 0.0 0.406258573388 4 
0.0571844993141 0.0 0.0 0.0 0.0 0.0 0.169232967535 0.0 0.0 0.0 0.0 0.0 0.130032578875 0.0 0.0 0.0 0.0 0.0 0.0 0.521953589392 0.0 0.0 0.0 0.0 0.0 1.145347508 0.0 0.0 0.0 0.0 0.0 0.0 0.947853795153 0.0 0.0 0.0 0.0 0.0 0.308547668038 0.0 0.0 0.0 0.0 0.0 0.0 0.225671582076 0.0 0.0 0.0 0.0 0.0 2.6372828075 0.0 0.0 0.0 0.0 0.0 0.30133744856 4 
0.061825560128 0.0 0.0 0.0 0.0 0.0 0.202880658436 0.0 0.0 0.0 0.0 0.0 0.123899748514 0.0 0.0 0.0 0.0 0.0 0.0 0.483001828989 0.0 0.0 0.0 0.0 0.0 0.904841106539 0.0 0.0 0.0 0.0 0.0 0.0 0.869784522176 0.0 0.0 0.0 0.0 0.0 0.299431298583 0.0 0.0 0.0 0.0 0.0 0.0 0.261971307727 0.0 0.0 0.0 0.0 0.0 2.80701303155 0.0 0.0 0.0 0.0 0.0 0.429795381802 4 
0.0594221536351 0.0 0.0 0.0 0.0 0.0 0.203709419296 0.0 0.0 0.0 0.0 0.0 0.119755944216 0.0 0.0 0.0 0.0 0.0 0.0 0.481012802926 0.0 0.0 0.0 0.0 0.0 0.895227480567 0.0 0.0 0.0 0.0 0.0 0.0 0.886774119799 0.0 0.0 0.0 0.0 0.0 0.28758001829 0.0 0.0 0.0 0.0 0.0 0.0 0.257330246914 0.0 0.0 0.0 0.0 0.0 2.83618541381 0.0 0.0 0.0 0.0 0.0 0.417446844993 4 
0.159370713306 0.0 0.0 0.0 0.0 0.0 0.395484682213 0.0 0.0 0.0 0.0 0.0 0.30092306813 0.0 0.0 0.0 0.0 0.0 0.0 0.824368427069 0.0 0.0 0.0 0.0 0.0 1.37938957476 0.0 0.0 0.0 0.0 0.0 0.0 1.15471250572 0.0 0.0 0.0 0.0 0.0 0.540766460905 0.0 0.0 0.0 0.0 0.0 0.0 0.390263488797 0.0 0.0 0.0 0.0 0.0 0.737182784636 0.0 0.0 0.0 0.0 0.0 0.561982738912 4 
0.0594221536351 0.0 0.0 0.0 0.0 0.0 0.203709419296 0.0 0.0 0.0 0.0 0.0 0.119755944216 0.0 0.0 0.0 0.0 0.0 0.0 0.481012802926 0.0 0.0 0.0 0.0 0.0 0.895227480567 0.0 0.0 0.0 0.0 0.0 0.0 0.886774119799 0.0 0.0 0.0 0.0 0.0 0.28758001829 0.0 0.0 0.0 0.0 0.0 0.0 0.257330246914 0.0 0.0 0.0 0.0 0.0 2.83618541381 0.0 0.0 0.0 0.0 0.0 0.417446844993 4 
0.0635659579332 0.0 0.0 0.0 0.0 0.0 0.202051897577 0.0 0.0 0.0 0.0 0.0 0.118512802926 0.0 0.0 0.0 0.0 0.0 0.0 0.472808070416 0.0 0.0 0.0 0.0 0.0 0.934179240969 0.0 0.0 0.0 0.0 0.0 0.0 0.858927754915 0.0 0.0 0.0 0.0 0.0 0.288657407407 0.0 0.0 0.0 0.0 0.0 0.0 0.241500914495 0.0 0.0 0.0 0.0 0.0 2.8491969593 0.0 0.0 0.0 0.0 0.0 0.4150434385 4 
0.070776177412 0.0 0.0 0.0 0.0 0.0 0.207355967078 0.0 0.0 0.0 0.0 0.0 0.130778463649 0.0 0.0 0.0 0.0 0.0 0.0 0.476288866027 0.0 0.0 0.0 0.0 0.0 0.891746684957 0.0 0.0 0.0 0.0 0.0 0.0 0.864977709191 0.0 0.0 0.0 0.0 0.0 0.3052326246 0.0 0.0 0.0 0.0 0.0 0.0 0.260976794696 0.0 0.0 0.0 0.0 0.0 2.80527263374 0.0 0.0 0.0 0.0 0.0 0.431038523091 4 
0.0631515775034 0.0 0.0 0.0 0.0 0.0 0.207853223594 0.0 0.0 0.0 0.0 0.0 0.127380544124 0.0 0.0 0.0 0.0 0.0 0.0 0.482090192044 0.0 0.0 0.0 0.0 0.0 0.883376200274 0.0 0.0 0.0 0.0 0.0 0.0 0.868044124371 0.0 0.0 0.0 0.0 0.0 0.297856652949 0.0 0.0 0.0 0.0 0.0 0.0 0.258904892547 0.0 0.0 0.0 0.0 0.0 2.82938957476 0.0 0.0 0.0 0.0 0.0 0.426397462277 4 
0.039863397348 0.0 0.0 0.0 0.0 0.0 0.122905235482 0.0 0.0 0.0 0.0 0.0 0.0996170553269 0.0 0.0 0.0 0.0 0.0 0.0 0.385788180155 0.0 0.0 0.0 0.0 0.0 0.89373571102 0.0 0.0 0.0 0.0 0.0 0.0 0.706270004572 0.0 0.0 0.0 0.0 0.0 0.210919638775 0.0 0.0 0.0 0.0 0.0 0.0 0.191858139003 0.0 0.0 0.0 0.0 0.0 3.53275891632 0.0 0.0 0.0 0.0 0.0 0.260728166438 5 
0.0653892318244 0.0 0.0 0.0 0.0 0.0 0.197410836763 0.0 0.0 0.0 0.0 0.0 0.134425011431 0.0 0.0 0.0 0.0 0.0 0.0 0.438082990398 0.0 0.0 0.0 0.0 0.0 0.825362940101 0.0 0.0 0.0 0.0 0.0 0.0 0.784587905807 0.0 0.0 0.0 0.0 0.0 0.277883516232 0.0 0.0 0.0 0.0 0.0 0.0 0.27075617284 0.0 0.0 0.0 0.0 0.0 3.04577903521 0.0 0.0 0.0 0.0 0.0 0.404766803841 5 
0.0575988797439 0.0 0.0 0.0 0.0 0.0 0.175614426155 0.0 0.0 0.0 0.0 0.0 0.124728509374 0.0 0.0 0.0 0.0 0.0 0.0 0.470321787837 0.0 0.0 0.0 0.0 0.0 0.87566872428 0.0 0.0 0.0 0.0 0.0 0.0 0.793124142661 0.0 0.0 0.0 0.0 0.0 0.268767146776 0.0 0.0 0.0 0.0 0.0 0.0 0.253600823045 0.0 0.0 0.0 0.0 0.0 3.04793381344 0.0 0.0 0.0 0.0 0.0 0.377086191129 5 
0.0681241426612 0.0 0.0 0.0 0.0 0.0 0.181581504344 0.0 0.0 0.0 0.0 0.0 0.151165980796 0.0 0.0 0.0 0.0 0.0 0.0 0.515406378601 0.0 0.0 0.0 0.0 0.0 1.03180727023 0.0 0.0 0.0 0.0 0.0 0.0 0.843512802926 0.0 0.0 0.0 0.0 0.0 0.31037094193 0.0 0.0 0.0 0.0 0.0 0.0 0.247385116598 0.0 0.0 0.0 0.0 0.0 2.75562985825 0.0 0.0 0.0 0.0 0.0 0.339460448102 5 
0.061908436214 0.0 0.0 0.0 0.0 0.0 0.186636945588 0.0 0.0 0.0 0.0 0.0 0.132435985368 0.0 0.0 0.0 0.0 0.0 0.0 0.432115912209 0.0 0.0 0.0 0.0 0.0 0.850308641975 0.0 0.0 0.0 0.0 0.0 0.0 0.797019318701 0.0 0.0 0.0 0.0 0.0 0.277883516232 0.0 0.0 0.0 0.0 0.0 0.0 0.251611796982 0.0 0.0 0.0 0.0 0.0 3.07818358482 0.0 0.0 0.0 0.0 0.0 0.376340306356 5 
0.0565214906264 0.0 0.0 0.0 0.0 0.0 0.176277434842 0.0 0.0 0.0 0.0 0.0 0.124231252858 0.0 0.0 0.0 0.0 0.0 0.0 0.447447988112 0.0 0.0 0.0 0.0 0.0 0.855529835391 0.0 0.0 0.0 0.0 0.0 0.0 0.805969935985 0.0 0.0 0.0 0.0 0.0 0.263297325103 0.0 0.0 0.0 0.0 0.0 0.0 0.2479652492 0.0 0.0 0.0 0.0 0.0 3.08555955647 0.0 0.0 0.0 0.0 0.0 0.381644375857 5 
0.156552926383 0.0 0.0 0.0 0.0 0.0 0.40766746685 0.0 0.0 0.0 0.0 0.0 0.301420324646 0.0 0.0 0.0 0.0 0.0 0.0 0.829092363969 0.0 0.0 0.0 0.0 0.0 1.44088363054 0.0 0.0 0.0 0.0 0.0 0.0 1.22830647005 0.0 0.0 0.0 0.0 0.0 0.572839506173 0.0 0.0 0.0 0.0 0.0 0.0 0.451260288066 0.0 0.0 0.0 0.0 0.0 0.491289437586 0.0 0.0 0.0 0.0 0.0 0.565132030178 5 
0.0582618884316 0.0 0.0 0.0 0.0 0.0 0.183404778235 0.0 0.0 0.0 0.0 0.0 0.135585276635 0.0 0.0 0.0 0.0 0.0 0.0 0.461619798811 0.0 0.0 0.0 0.0 0.0 0.80812471422 0.0 0.0 0.0 0.0 0.0 0.0 0.80464391861 0.0 0.0 0.0 0.0 0.0 0.284679355281 0.0 0.0 0.0 0.0 0.0 0.0 0.263711705533 0.0 0.0 0.0 0.0 0.0 3.06111111111 0.0 0.0 0.0 0.0 0.0 0.383301897577 5 
0.0568529949703 0.0 0.0 0.0 0.0 0.0 0.182327389118 0.0 0.0 0.0 0.0 0.0 0.126551783265 0.0 0.0 0.0 0.0 0.0 0.0 0.44686785551 0.0 0.0 0.0 0.0 0.0 0.837131344307 0.0 0.0 0.0 0.0 0.0 0.0 0.825362940101 0.0 0.0 0.0 0.0 0.0 0.280535550983 0.0 0.0 0.0 0.0 0.0 0.0 0.269430155464 0.0 0.0 0.0 0.0 0.0 3.02323673983 0.0 0.0 0.0 0.0 0.0 0.396147690901 5 
0.0586762688615 0.0 0.0 0.0 0.0 0.0 0.186222565158 0.0 0.0 0.0 0.0 0.0 0.132353109282 0.0 0.0 0.0 0.0 0.0 0.0 0.448276748971 0.0 0.0 0.0 0.0 0.0 0.857021604938 0.0 0.0 0.0 0.0 0.0 0.0 0.816495198903 0.0 0.0 0.0 0.0 0.0 0.269844535894 0.0 0.0 0.0 0.0 0.0 0.0 0.254346707819 0.0 0.0 0.0 0.0 0.0 3.05787894376 0.0 0.0 0.0 0.0 0.0 0.36332876086 5 
0.0626543209877 0.0 0.0 0.0 0.0 0.0 0.190449245542 0.0 0.0 0.0 0.0 0.0 0.13301611797 0.0 0.0 0.0 0.0 0.0 0.0 0.458884887974 0.0 0.0 0.0 0.0 0.0 0.860502400549 0.0 0.0 0.0 0.0 0.0 0.0 0.80978223594 0.0 0.0 0.0 0.0 0.0 0.280949931413 0.0 0.0 0.0 0.0 0.0 0.0 0.265866483768 0.0 0.0 0.0 0.0 0.0 2.99373285322 0.0 0.0 0.0 0.0 0.0 0.388605967078 5 
0.0294210105167 0.0 0.0 0.0 0.0 0.0 0.101440329218 0.0 0.0 0.0 0.0 0.0 0.0922410836763 0.0 0.0 0.0 0.0 0.0 0.0 0.437585733882 0.0 0.0 0.0 0.0 0.0 1.17940957933 0.0 0.0 0.0 0.0 0.0 0.0 0.776383173297 0.0 0.0 0.0 0.0 0.0 0.202714906264 0.0 0.0 0.0 0.0 0.0 0.0 0.167326817558 0.0 0.0 0.0 0.0 0.0 3.24161522634 0.0 0.0 0.0 0.0 0.0 0.216306584362 6 
0.0899205532693 0.0 0.0 0.0 0.0 0.0 0.297856652949 0.0 0.0 0.0 0.0 0.0 0.186056812986 0.0 0.0 0.0 0.0 0.0 0.0 0.65090877915 0.0 0.0 0.0 0.0 0.0 1.10018004115 0.0 0.0 0.0 0.0 0.0 0.0 1.11518061271 0.0 0.0 0.0 0.0 0.0 0.41462905807 0.0 0.0 0.0 0.0 0.0 0.0 0.414214677641 0.0 0.0 0.0 0.0 0.0 1.52947816644 0.0 0.0 0.0 0.0 0.0 0.646019090078 6 
0.100860196616 0.0 0.0 0.0 0.0 0.0 0.286668381344 0.0 0.0 0.0 0.0 0.0 0.207438843164 0.0 0.0 0.0 0.0 0.0 0.0 0.714723365341 0.0 0.0 0.0 0.0 0.0 1.17965820759 0.0 0.0 0.0 0.0 0.0 0.0 1.16266860997 0.0 0.0 0.0 0.0 0.0 0.443469935985 0.0 0.0 0.0 0.0 0.0 0.0 0.404103795153 0.0 0.0 0.0 0.0 0.0 1.3023976909 0.0 0.0 0.0 0.0 0.0 0.642455418381 6 
0.0493112711477 0.0 0.0 0.0 0.0 0.0 0.186056812986 0.0 0.0 0.0 0.0 0.0 0.139811957019 0.0 0.0 0.0 0.0 0.0 0.0 0.629112368541 0.0 0.0 0.0 0.0 0.0 1.32908379058 0.0 0.0 0.0 0.0 0.0 0.0 1.19780807042 0.0 0.0 0.0 0.0 0.0 0.406175697302 0.0 0.0 0.0 0.0 0.0 0.0 0.294375857339 0.0 0.0 0.0 0.0 0.0 1.85874485597 0.0 0.0 0.0 0.0 0.0 0.353963763146 6 
0.100280064015 0.0 0.0 0.0 0.0 0.0 0.284596479195 0.0 0.0 0.0 0.0 0.0 0.209925125743 0.0 0.0 0.0 0.0 0.0 0.0 0.717624028349 0.0 0.0 0.0 0.0 0.0 1.16018232739 0.0 0.0 0.0 0.0 0.0 0.0 1.17609453589 0.0 0.0 0.0 0.0 0.0 0.44297267947 0.0 0.0 0.0 0.0 0.0 0.0 0.410982510288 0.0 0.0 0.0 0.0 0.0 1.30662437128 0.0 0.0 0.0 0.0 0.0 0.635162322817 6 
0.100280064015 0.0 0.0 0.0 0.0 0.0 0.284596479195 0.0 0.0 0.0 0.0 0.0 0.209925125743 0.0 0.0 0.0 0.0 0.0 0.0 0.717624028349 0.0 0.0 0.0 0.0 0.0 1.16018232739 0.0 0.0 0.0 0.0 0.0 0.0 1.17609453589 0.0 0.0 0.0 0.0 0.0 0.44297267947 0.0 0.0 0.0 0.0 0.0 0.0 0.410982510288 0.0 0.0 0.0 0.0 0.0 1.30662437128 0.0 0.0 0.0 0.0 0.0 0.635162322817 6 
0.035388088706 0.0 0.0 0.0 0.0 0.0 0.128623685414 0.0 0.0 0.0 0.0 0.0 0.105252629172 0.0 0.0 0.0 0.0 0.0 0.0 0.487394261545 0.0 0.0 0.0 0.0 0.0 1.09073216735 0.0 0.0 0.0 0.0 0.0 0.0 0.937908664838 0.0 0.0 0.0 0.0 0.0 0.26047953818 0.0 0.0 0.0 0.0 0.0 0.0 0.214814814815 0.0 0.0 0.0 0.0 0.0 2.9058842021 0.0 0.0 0.0 0.0 0.0 0.277966392318 6 
0.0948102423411 0.0 0.0 0.0 0.0 0.0 0.288740283493 0.0 0.0 0.0 0.0 0.0 0.199151234568 0.0 0.0 0.0 0.0 0.0 0.0 0.694335848194 0.0 0.0 0.0 0.0 0.0 1.1536351166 0.0 0.0 0.0 0.0 0.0 0.0 1.145347508 0.0 0.0 0.0 0.0 0.0 0.438580246914 0.0 0.0 0.0 0.0 0.0 0.0 0.407087334248 0.0 0.0 0.0 0.0 0.0 1.37615740741 0.0 0.0 0.0 0.0 0.0 0.646599222679 6 
0.0888431641518 0.0 0.0 0.0 0.0 0.0 0.273242455418 0.0 0.0 0.0 0.0 0.0 0.18473079561 0.0 0.0 0.0 0.0 0.0 0.0 0.691020804755 0.0 0.0 0.0 0.0 0.0 1.14998856882 0.0 0.0 0.0 0.0 0.0 0.0 1.14874542753 0.0 0.0 0.0 0.0 0.0 0.430209762231 0.0 0.0 0.0 0.0 0.0 0.0 0.404435299497 0.0 0.0 0.0 0.0 0.0 1.44709933699 0.0 0.0 0.0 0.0 0.0 0.626128829447 6 
0.0875171467764 0.0 0.0 0.0 0.0 0.0 0.280618427069 0.0 0.0 0.0 0.0 0.0 0.185228052126 0.0 0.0 0.0 0.0 0.0 0.0 0.671047668038 0.0 0.0 0.0 0.0 0.0 1.11418609968 0.0 0.0 0.0 0.0 0.0 0.0 1.1305955647 0.0 0.0 0.0 0.0 0.0 0.433690557842 0.0 0.0 0.0 0.0 0.0 0.0 0.395484682213 0.0 0.0 0.0 0.0 0.0 1.50345507545 0.0 0.0 0.0 0.0 0.0 0.642621170553 6 
0.0933184727938 0.0 0.0 0.0 0.0 0.0 0.296116255144 0.0 0.0 0.0 0.0 0.0 0.182907521719 0.0 0.0 0.0 0.0 0.0 0.0 0.683313328761 0.0 0.0 0.0 0.0 0.0 1.11832990398 0.0 0.0 0.0 0.0 0.0 0.0 1.18620541838 0.0 0.0 0.0 0.0 0.0 0.43783436214 0.0 0.0 0.0 0.0 0.0 0.0 0.407004458162 0.0 0.0 0.0 0.0 0.0 1.35693015546 0.0 0.0 0.0 0.0 0.0 0.682484567901 6 
0.0322387974394 0.0 0.0 0.0 0.0 0.0 0.10633001829 0.0 0.0 0.0 0.0 0.0 0.0909979423868 0.0 0.0 0.0 0.0 0.0 0.0 0.383550525834 0.0 0.0 0.0 0.0 0.0 0.840032007316 0.0 0.0 0.0 0.0 0.0 0.0 0.729972565158 0.0 0.0 0.0 0.0 0.0 0.214068930041 0.0 0.0 0.0 0.0 0.0 0.0 0.183156149977 0.0 0.0 0.0 0.0 0.0 3.61662951532 0.0 0.0 0.0 0.0 0.0 0.247467992684 7 
0.0468249885688 0.0 0.0 0.0 0.0 0.0 0.122407978967 0.0 0.0 0.0 0.0 0.0 0.0963020118884 0.0 0.0 0.0 0.0 0.0 0.0 0.360345221765 0.0 0.0 0.0 0.0 0.0 0.727486282579 0.0 0.0 0.0 0.0 0.0 0.0 0.644112940101 0.0 0.0 0.0 0.0 0.0 0.181415752172 0.0 0.0 0.0 0.0 0.0 0.0 0.180586991312 0.0 0.0 0.0 0.0 0.0 3.81901291724 0.0 0.0 0.0 0.0 0.0 0.265949359854 7 
0.0338963191587 0.0 0.0 0.0 0.0 0.0 0.103595107453 0.0 0.0 0.0 0.0 0.0 0.0944787379973 0.0 0.0 0.0 0.0 0.0 0.0 0.36167123914 0.0 0.0 0.0 0.0 0.0 0.777046181984 0.0 0.0 0.0 0.0 0.0 0.0 0.65049439872 0.0 0.0 0.0 0.0 0.0 0.188791723823 0.0 0.0 0.0 0.0 0.0 0.0 0.157547439415 0.0 0.0 0.0 0.0 0.0 3.84279835391 0.0 0.0 0.0 0.0 0.0 0.234124942844 7 
0.0664666209419 0.0 0.0 0.0 0.0 0.0 0.189371856424 0.0 0.0 0.0 0.0 0.0 0.155724165524 0.0 0.0 0.0 0.0 0.0 0.0 0.545490397805 0.0 0.0 0.0 0.0 0.0 0.952246227709 0.0 0.0 0.0 0.0 0.0 0.0 0.909399291267 0.0 0.0 0.0 0.0 0.0 0.326117398262 0.0 0.0 0.0 0.0 0.0 0.0 0.26603223594 0.0 0.0 0.0 0.0 0.0 2.69761659808 0.0 0.0 0.0 0.0 0.0 0.335979652492 7 
0.0357195930498 0.0 0.0 0.0 0.0 0.0 0.101523205304 0.0 0.0 0.0 0.0 0.0 0.0871027663466 0.0 0.0 0.0 0.0 0.0 0.0 0.374351280293 0.0 0.0 0.0 0.0 0.0 0.785085162323 0.0 0.0 0.0 0.0 0.0 0.0 0.665660722451 0.0 0.0 0.0 0.0 0.0 0.196167695473 0.0 0.0 0.0 0.0 0.0 0.0 0.171967878372 0.0 0.0 0.0 0.0 0.0 3.7909179241 0.0 0.0 0.0 0.0 0.0 0.235948216735 7 
0.0357195930498 0.0 0.0 0.0 0.0 0.0 0.101523205304 0.0 0.0 0.0 0.0 0.0 0.0871027663466 0.0 0.0 0.0 0.0 0.0 0.0 0.374351280293 0.0 0.0 0.0 0.0 0.0 0.785085162323 0.0 0.0 0.0 0.0 0.0 0.0 0.665660722451 0.0 0.0 0.0 0.0 0.0 0.196167695473 0.0 0.0 0.0 0.0 0.0 0.0 0.171967878372 0.0 0.0 0.0 0.0 0.0 3.7909179241 0.0 0.0 0.0 0.0 0.0 0.235948216735 7 
0.0991197988112 0.0 0.0 0.0 0.0 0.0 0.2432413123 0.0 0.0 0.0 0.0 0.0 0.192355395519 0.0 0.0 0.0 0.0 0.0 0.0 0.635245198903 0.0 0.0 0.0 0.0 0.0 1.04299554184 0.0 0.0 0.0 0.0 0.0 0.0 1.0744884545 0.0 0.0 0.0 0.0 0.0 0.397639460448 0.0 0.0 0.0 0.0 0.0 0.0 0.366478052126 0.0 0.0 0.0 0.0 0.0 1.96391460905 0.0 0.0 0.0 0.0 0.0 0.428966620942 7 
0.0320730452675 0.0 0.0 0.0 0.0 0.0 0.102517718336 0.0 0.0 0.0 0.0 0.0 0.086191129401 0.0 0.0 0.0 0.0 0.0 0.0 0.354958276177 0.0 0.0 0.0 0.0 0.0 0.784007773205 0.0 0.0 0.0 0.0 0.0 0.0 0.640715020576 0.0 0.0 0.0 0.0 0.0 0.192521147691 0.0 0.0 0.0 0.0 0.0 0.0 0.162105624143 0.0 0.0 0.0 0.0 0.0 3.85970507545 0.0 0.0 0.0 0.0 0.0 0.229649634202 7 
0.0370456104252 0.0 0.0 0.0 0.0 0.0 0.100031435757 0.0 0.0 0.0 0.0 0.0 0.0890917924097 0.0 0.0 0.0 0.0 0.0 0.0 0.38098136717 0.0 0.0 0.0 0.0 0.0 0.793455647005 0.0 0.0 0.0 0.0 0.0 0.0 0.664168952904 0.0 0.0 0.0 0.0 0.0 0.185062299954 0.0 0.0 0.0 0.0 0.0 0.0 0.167741197988 0.0 0.0 0.0 0.0 0.0 3.78992341107 0.0 0.0 0.0 0.0 0.0 0.236942729767 7 
0.0359682213077 0.0 0.0 0.0 0.0 0.0 0.108070416095 0.0 0.0 0.0 0.0 0.0 0.0955561271148 0.0 0.0 0.0 0.0 0.0 0.0 0.361422610882 0.0 0.0 0.0 0.0 0.0 0.745553269319 0.0 0.0 0.0 0.0 0.0 0.0 0.644693072702 0.0 0.0 0.0 0.0 0.0 0.192106767261 0.0 0.0 0.0 0.0 0.0 0.0 0.169730224051 0.0 0.0 0.0 0.0 0.0 3.83923468221 0.0 0.0 0.0 0.0 0.0 0.252109053498 7 
0.0319072930956 0.0 0.0 0.0 0.0 0.0 0.102186213992 0.0 0.0 0.0 0.0 0.0 0.0855281207133 0.0 0.0 0.0 0.0 0.0 0.0 0.360179469593 0.0 0.0 0.0 0.0 0.0 0.746879286694 0.0 0.0 0.0 0.0 0.0 0.0 0.649417009602 0.0 0.0 0.0 0.0 0.0 0.193101280293 0.0 0.0 0.0 0.0 0.0 0.0 0.15414951989 0.0 0.0 0.0 0.0 0.0 3.88912608596 0.0 0.0 0.0 0.0 0.0 0.231970164609 7 
0.0403606538637 0.0 0.0 0.0 0.0 0.0 0.122159350709 0.0 0.0 0.0 0.0 0.0 0.0920753315043 0.0 0.0 0.0 0.0 0.0 0.0 0.381727251943 0.0 0.0 0.0 0.0 0.0 0.794533036123 0.0 0.0 0.0 0.0 0.0 0.0 0.643947187929 0.0 0.0 0.0 0.0 0.0 0.183570530407 0.0 0.0 0.0 0.0 0.0 0.0 0.183487654321 0.0 0.0 0.0 0.0 0.0 3.76033664838 0.0 0.0 0.0 0.0 0.0 0.242246799268 8 
0.0591735253772 0.0 0.0 0.0 0.0 0.0 0.143292752629 0.0 0.0 0.0 0.0 0.0 0.101108824874 0.0 0.0 0.0 0.0 0.0 0.0 0.381810128029 0.0 0.0 0.0 0.0 0.0 0.765940786465 0.0 0.0 0.0 0.0 0.0 0.0 0.682401691815 0.0 0.0 0.0 0.0 0.0 0.217301097394 0.0 0.0 0.0 0.0 0.0 0.0 0.231804412437 0.0 0.0 0.0 0.0 0.0 3.54386431184 0.0 0.0 0.0 0.0 0.0 0.31774691358 8 
0.0808041838134 0.0 0.0 0.0 0.0 0.0 0.255424096936 0.0 0.0 0.0 0.0 0.0 0.14511602652 0.0 0.0 0.0 0.0 0.0 0.0 0.513085848194 0.0 0.0 0.0 0.0 0.0 0.803235025149 0.0 0.0 0.0 0.0 0.0 0.0 0.80505829904 0.0 0.0 0.0 0.0 0.0 0.302580589849 0.0 0.0 0.0 0.0 0.0 0.0 0.311531207133 0.0 0.0 0.0 0.0 0.0 2.70772748057 0.0 0.0 0.0 0.0 0.0 0.519881687243 8 
0.0830418381344 0.0 0.0 0.0 0.0 0.0 0.22003600823 0.0 0.0 0.0 0.0 0.0 0.1765260631 0.0 0.0 0.0 0.0 0.0 0.0 0.583199016918 0.0 0.0 0.0 0.0 0.0 1.08857738912 0.0 0.0 0.0 0.0 0.0 0.0 0.934676497485 0.0 0.0 0.0 0.0 0.0 0.348411065386 0.0 0.0 0.0 0.0 0.0 0.0 0.281695816187 0.0 0.0 0.0 0.0 0.0 2.35939929127 0.0 0.0 0.0 0.0 0.0 0.368881458619 8 
0.0708590534979 0.0 0.0 0.0 0.0 0.0 0.230644147234 0.0 0.0 0.0 0.0 0.0 0.12315386374 0.0 0.0 0.0 0.0 0.0 0.0 0.511179698217 0.0 0.0 0.0 0.0 0.0 0.900863054412 0.0 0.0 0.0 0.0 0.0 0.0 0.873182441701 0.0 0.0 0.0 0.0 0.0 0.296862139918 0.0 0.0 0.0 0.0 0.0 0.0 0.301005944216 0.0 0.0 0.0 0.0 0.0 2.65037722908 0.0 0.0 0.0 0.0 0.0 0.486316872428 8 
0.0591735253772 0.0 0.0 0.0 0.0 0.0 0.143292752629 0.0 0.0 0.0 0.0 0.0 0.101108824874 0.0 0.0 0.0 0.0 0.0 0.0 0.381810128029 0.0 0.0 0.0 0.0 0.0 0.765940786465 0.0 0.0 0.0 0.0 0.0 0.0 0.682401691815 0.0 0.0 0.0 0.0 0.0 0.217301097394 0.0 0.0 0.0 0.0 0.0 0.0 0.231804412437 0.0 0.0 0.0 0.0 0.0 3.54386431184 0.0 0.0 0.0 0.0 0.0 0.31774691358 8 
0.138734567901 0.0 0.0 0.0 0.0 0.0 0.410568129858 0.0 0.0 0.0 0.0 0.0 0.275314357567 0.0 0.0 0.0 0.0 0.0 0.0 0.843678555098 0.0 0.0 0.0 0.0 0.0 1.33911179698 0.0 0.0 0.0 0.0 0.0 0.0 1.16490626429 0.0 0.0 0.0 0.0 0.0 0.520793324188 0.0 0.0 0.0 0.0 0.0 0.0 0.430126886145 0.0 0.0 0.0 0.0 0.0 0.639554755373 0.0 0.0 0.0 0.0 0.0 0.681655807042 8 
0.0973794010059 0.0 0.0 0.0 0.0 0.0 0.277552011888 0.0 0.0 0.0 0.0 0.0 0.189206104252 0.0 0.0 0.0 0.0 0.0 0.0 0.485819615912 0.0 0.0 0.0 0.0 0.0 0.656710105167 0.0 0.0 0.0 0.0 0.0 0.0 0.794698788294 0.0 0.0 0.0 0.0 0.0 0.350400091449 0.0 0.0 0.0 0.0 0.0 0.0 0.329681069959 0.0 0.0 0.0 0.0 0.0 2.74543609968 0.0 0.0 0.0 0.0 0.0 0.517561156836 8 
0.0725994513032 0.0 0.0 0.0 0.0 0.0 0.236113968907 0.0 0.0 0.0 0.0 0.0 0.126634659351 0.0 0.0 0.0 0.0 0.0 0.0 0.508776291724 0.0 0.0 0.0 0.0 0.0 0.841855281207 0.0 0.0 0.0 0.0 0.0 0.0 0.813760288066 0.0 0.0 0.0 0.0 0.0 0.299182670325 0.0 0.0 0.0 0.0 0.0 0.0 0.290232053041 0.0 0.0 0.0 0.0 0.0 2.74261831276 0.0 0.0 0.0 0.0 0.0 0.512671467764 8 
0.0859425011431 0.0 0.0 0.0 0.0 0.0 0.240340649291 0.0 0.0 0.0 0.0 0.0 0.136248285322 0.0 0.0 0.0 0.0 0.0 0.0 0.476288866027 0.0 0.0 0.0 0.0 0.0 0.797930955647 0.0 0.0 0.0 0.0 0.0 0.0 0.807047325103 0.0 0.0 0.0 0.0 0.0 0.308796296296 0.0 0.0 0.0 0.0 0.0 0.0 0.300674439872 0.0 0.0 0.0 0.0 0.0 2.78521662094 0.0 0.0 0.0 0.0 0.0 0.505958504801 8 
0.0863568815729 0.0 0.0 0.0 0.0 0.0 0.240672153635 0.0 0.0 0.0 0.0 0.0 0.140557841792 0.0 0.0 0.0 0.0 0.0 0.0 0.498748285322 0.0 0.0 0.0 0.0 0.0 0.886774119799 0.0 0.0 0.0 0.0 0.0 0.0 0.845999085505 0.0 0.0 0.0 0.0 0.0 0.318658550526 0.0 0.0 0.0 0.0 0.0 0.0 0.311033950617 0.0 0.0 0.0 0.0 0.0 2.6148233882 0.0 0.0 0.0 0.0 0.0 0.500820187471 8 
0.0329018061271 0.0 0.0 0.0 0.0 0.0 0.0890089163237 0.0 0.0 0.0 0.0 0.0 0.0871027663466 0.0 0.0 0.0 0.0 0.0 0.0 0.361339734797 0.0 0.0 0.0 0.0 0.0 0.778455075446 0.0 0.0 0.0 0.0 0.0 0.0 0.609304983996 0.0 0.0 0.0 0.0 0.0 0.152077617741 0.0 0.0 0.0 0.0 0.0 0.0 0.146276291724 0.0 0.0 0.0 0.0 0.0 3.97059327846 0.0 0.0 0.0 0.0 0.0 0.21738397348 9 
0.0704446730681 0.0 0.0 0.0 0.0 0.0 0.183239026063 0.0 0.0 0.0 0.0 0.0 0.137077046182 0.0 0.0 0.0 0.0 0.0 0.0 0.462531435757 0.0 0.0 0.0 0.0 0.0 0.810942501143 0.0 0.0 0.0 0.0 0.0 0.0 0.763205875629 0.0 0.0 0.0 0.0 0.0 0.253020690444 0.0 0.0 0.0 0.0 0.0 0.0 0.265700731596 0.0 0.0 0.0 0.0 0.0 3.09351566072 0.0 0.0 0.0 0.0 0.0 0.404766803841 9 
0.0634002057613 0.0 0.0 0.0 0.0 0.0 0.198571101966 0.0 0.0 0.0 0.0 0.0 0.126220278921 0.0 0.0 0.0 0.0 0.0 0.0 0.459133516232 0.0 0.0 0.0 0.0 0.0 0.853540809328 0.0 0.0 0.0 0.0 0.0 0.0 0.76850994513 0.0 0.0 0.0 0.0 0.0 0.269678783722 0.0 0.0 0.0 0.0 0.0 0.0 0.244567329675 0.0 0.0 0.0 0.0 0.0 3.05199474166 0.0 0.0 0.0 0.0 0.0 0.408827732053 9 
0.0588420210334 0.0 0.0 0.0 0.0 0.0 0.170144604481 0.0 0.0 0.0 0.0 0.0 0.149259830818 0.0 0.0 0.0 0.0 0.0 0.0 0.525848765432 0.0 0.0 0.0 0.0 0.0 1.03843735711 0.0 0.0 0.0 0.0 0.0 0.0 0.874922839506 0.0 0.0 0.0 0.0 0.0 0.328355052583 0.0 0.0 0.0 0.0 0.0 0.0 0.231804412437 0.0 0.0 0.0 0.0 0.0 2.75372370828 0.0 0.0 0.0 0.0 0.0 0.313105852766 9 
0.0658864883402 0.0 0.0 0.0 0.0 0.0 0.197410836763 0.0 0.0 0.0 0.0 0.0 0.132353109282 0.0 0.0 0.0 0.0 0.0 0.0 0.470073159579 0.0 0.0 0.0 0.0 0.0 0.834147805213 0.0 0.0 0.0 0.0 0.0 0.0 0.774642775492 0.0 0.0 0.0 0.0 0.0 0.27423696845 0.0 0.0 0.0 0.0 0.0 0.0 0.249539894833 0.0 0.0 0.0 0.0 0.0 3.03550240055 0.0 0.0 0.0 0.0 0.0 0.410651005944 9 
0.0658864883402 0.0 0.0 0.0 0.0 0.0 0.197410836763 0.0 0.0 0.0 0.0 0.0 0.132353109282 0.0 0.0 0.0 0.0 0.0 0.0 0.470073159579 0.0 0.0 0.0 0.0 0.0 0.834147805213 0.0 0.0 0.0 0.0 0.0 0.0 0.774642775492 0.0 0.0 0.0 0.0 0.0 0.27423696845 0.0 0.0 0.0 0.0 0.0 0.0 0.249539894833 0.0 0.0 0.0 0.0 0.0 3.03550240055 0.0 0.0 0.0 0.0 0.0 0.410651005944 9 
0.10119170096 0.0 0.0 0.0 0.0 0.0 0.213903177869 0.0 0.0 0.0 0.0 0.0 0.208267604024 0.0 0.0 0.0 0.0 0.0 0.0 0.639140374943 0.0 0.0 0.0 0.0 0.0 1.1128600823 0.0 0.0 0.0 0.0 0.0 0.0 1.03031550069 0.0 0.0 0.0 0.0 0.0 0.380484110654 0.0 0.0 0.0 0.0 0.0 0.0 0.31426611797 0.0 0.0 0.0 0.0 0.0 2.05035436671 0.0 0.0 0.0 0.0 0.0 0.393661408322 9 
0.0612454275263 0.0 0.0 0.0 0.0 0.0 0.191692386831 0.0 0.0 0.0 0.0 0.0 0.12356824417 0.0 0.0 0.0 0.0 0.0 0.0 0.456564357567 0.0 0.0 0.0 0.0 0.0 0.82619170096 0.0 0.0 0.0 0.0 0.0 0.0 0.770333219021 0.0 0.0 0.0 0.0 0.0 0.270921925011 0.0 0.0 0.0 0.0 0.0 0.0 0.253683699131 0.0 0.0 0.0 0.0 0.0 3.09393004115 0.0 0.0 0.0 0.0 0.0 0.396313443073 9 
0.0608310470965 0.0 0.0 0.0 0.0 0.0 0.188211591221 0.0 0.0 0.0 0.0 0.0 0.12439700503 0.0 0.0 0.0 0.0 0.0 0.0 0.470073159579 0.0 0.0 0.0 0.0 0.0 0.85287780064 0.0 0.0 0.0 0.0 0.0 0.0 0.79088648834 0.0 0.0 0.0 0.0 0.0 0.268021262003 0.0 0.0 0.0 0.0 0.0 0.0 0.255838477366 0.0 0.0 0.0 0.0 0.0 3.04064071788 0.0 0.0 0.0 0.0 0.0 0.39266689529 9 
0.0679583904893 0.0 0.0 0.0 0.0 0.0 0.193598536808 0.0 0.0 0.0 0.0 0.0 0.12746342021 0.0 0.0 0.0 0.0 0.0 0.0 0.468664266118 0.0 0.0 0.0 0.0 0.0 0.842352537723 0.0 0.0 0.0 0.0 0.0 0.0 0.801743255601 0.0 0.0 0.0 0.0 0.0 0.26868427069 0.0 0.0 0.0 0.0 0.0 0.0 0.255092592593 0.0 0.0 0.0 0.0 0.0 2.99887117055 0.0 0.0 0.0 0.0 0.0 0.420016003658 9 
0.0609139231824 0.0 0.0 0.0 0.0 0.0 0.188625971651 0.0 0.0 0.0 0.0 0.0 0.127960676726 0.0 0.0 0.0 0.0 0.0 0.0 0.465017718336 0.0 0.0 0.0 0.0 0.0 0.81450617284 0.0 0.0 0.0 0.0 0.0 0.0 0.775057155921 0.0 0.0 0.0 0.0 0.0 0.27423696845 0.0 0.0 0.0 0.0 0.0 0.0 0.248462505716 0.0 0.0 0.0 0.0 0.0 3.08232738912 0.0 0.0 0.0 0.0 0.0 0.407335962506 9 
0.0274319844536 0.0 0.0 0.0 0.0 0.0 0.0944787379973 0.0 0.0 0.0 0.0 0.0 0.0719364426155 0.0 0.0 0.0 0.0 0.0 0.0 0.402031893004 0.0 0.0 0.0 0.0 0.0 1.02675182899 0.0 0.0 0.0 0.0 0.0 0.0 0.803152149063 0.0 0.0 0.0 0.0 0.0 0.18904035208 0.0 0.0 0.0 0.0 0.0 0.0 0.167326817558 0.0 0.0 0.0 0.0 0.0 3.45303212163 0.0 0.0 0.0 0.0 0.0 0.209262117055 10 
0.044255829904 0.0 0.0 0.0 0.0 0.0 0.153403635117 0.0 0.0 0.0 0.0 0.0 0.0846164837677 0.0 0.0 0.0 0.0 0.0 0.0 0.40252914952 0.0 0.0 0.0 0.0 0.0 0.851386031093 0.0 0.0 0.0 0.0 0.0 0.0 0.822130772748 0.0 0.0 0.0 0.0 0.0 0.232467421125 0.0 0.0 0.0 0.0 0.0 0.0 0.232053040695 0.0 0.0 0.0 0.0 0.0 3.27236225423 0.0 0.0 0.0 0.0 0.0 0.349239826246 10 
0.0345593278464 0.0 0.0 0.0 0.0 0.0 0.129286694102 0.0 0.0 0.0 0.0 0.0 0.0717706904435 0.0 0.0 0.0 0.0 0.0 0.0 0.412225651578 0.0 0.0 0.0 0.0 0.0 1.00288351623 0.0 0.0 0.0 0.0 0.0 0.0 0.822876657522 0.0 0.0 0.0 0.0 0.0 0.226583219021 0.0 0.0 0.0 0.0 0.0 0.0 0.214317558299 0.0 0.0 0.0 0.0 0.0 3.21343735711 0.0 0.0 0.0 0.0 0.0 0.316503772291 10 
0.075251486054 0.0 0.0 0.0 0.0 0.0 0.171553497942 0.0 0.0 0.0 0.0 0.0 0.156138545953 0.0 0.0 0.0 0.0 0.0 0.0 0.572425125743 0.0 0.0 0.0 0.0 0.0 1.15338648834 0.0 0.0 0.0 0.0 0.0 0.0 0.9204218107 0.0 0.0 0.0 0.0 0.0 0.309293552812 0.0 0.0 0.0 0.0 0.0 0.0 0.239926268861 0.0 0.0 0.0 0.0 0.0 2.52523433928 0.0 0.0 0.0 0.0 0.0 0.320813328761 10 
0.0368798582533 0.0 0.0 0.0 0.0 0.0 0.140226337449 0.0 0.0 0.0 0.0 0.0 0.0856109967993 0.0 0.0 0.0 0.0 0.0 0.0 0.414546181984 0.0 0.0 0.0 0.0 0.0 0.960533836305 0.0 0.0 0.0 0.0 0.0 0.0 0.864148948331 0.0 0.0 0.0 0.0 0.0 0.248628257888 0.0 0.0 0.0 0.0 0.0 0.0 0.235616712391 0.0 0.0 0.0 0.0 0.0 3.12608596251 0.0 0.0 0.0 0.0 0.0 0.332167352538 10 
0.0366312299954 0.0 0.0 0.0 0.0 0.0 0.137988683128 0.0 0.0 0.0 0.0 0.0 0.0790637860082 0.0 0.0 0.0 0.0 0.0 0.0 0.417529721079 0.0 0.0 0.0 0.0 0.0 0.953240740741 0.0 0.0 0.0 0.0 0.0 0.0 0.856109967993 0.0 0.0 0.0 0.0 0.0 0.242909807956 0.0 0.0 0.0 0.0 0.0 0.0 0.231555784179 0.0 0.0 0.0 0.0 0.0 3.15898776863 0.0 0.0 0.0 0.0 0.0 0.330426954733 10 
0.0517975537266 0.0 0.0 0.0 0.0 0.0 0.152906378601 0.0 0.0 0.0 0.0 0.0 0.111634087791 0.0 0.0 0.0 0.0 0.0 0.0 0.552120484682 0.0 0.0 0.0 0.0 0.0 1.03271890718 0.0 0.0 0.0 0.0 0.0 0.0 1.12073331047 0.0 0.0 0.0 0.0 0.0 0.33498513946 0.0 0.0 0.0 0.0 0.0 0.0 0.327111911294 0.0 0.0 0.0 0.0 0.0 2.39511888432 0.0 0.0 0.0 0.0 0.0 0.365317786923 10 
0.0360510973937 0.0 0.0 0.0 0.0 0.0 0.138071559214 0.0 0.0 0.0 0.0 0.0 0.0846993598537 0.0 0.0 0.0 0.0 0.0 0.0 0.424159807956 0.0 0.0 0.0 0.0 0.0 0.941720964792 0.0 0.0 0.0 0.0 0.0 0.0 0.831081390032 0.0 0.0 0.0 0.0 0.0 0.237191358025 0.0 0.0 0.0 0.0 0.0 0.0 0.23072702332 0.0 0.0 0.0 0.0 0.0 3.19545324646 0.0 0.0 0.0 0.0 0.0 0.325288637403 10 
0.0349737082762 0.0 0.0 0.0 0.0 0.0 0.128375057156 0.0 0.0 0.0 0.0 0.0 0.0792295381802 0.0 0.0 0.0 0.0 0.0 0.0 0.421590649291 0.0 0.0 0.0 0.0 0.0 0.962771490626 0.0 0.0 0.0 0.0 0.0 0.0 0.849977137631 0.0 0.0 0.0 0.0 0.0 0.24407007316 0.0 0.0 0.0 0.0 0.0 0.0 0.227660608139 0.0 0.0 0.0 0.0 0.0 3.18874028349 0.0 0.0 0.0 0.0 0.0 0.307055898491 10 
0.0476537494284 0.0 0.0 0.0 0.0 0.0 0.155309785094 0.0 0.0 0.0 0.0 0.0 0.0932355967078 0.0 0.0 0.0 0.0 0.0 0.0 0.460791037952 0.0 0.0 0.0 0.0 0.0 0.94503600823 0.0 0.0 0.0 0.0 0.0 0.0 0.888100137174 0.0 0.0 0.0 0.0 0.0 0.269761659808 0.0 0.0 0.0 0.0 0.0 0.0 0.258987768633 0.0 0.0 0.0 0.0 0.0 2.95188042981 0.0 0.0 0.0 0.0 0.0 0.373688271605 10 
0.0345593278464 0.0 0.0 0.0 0.0 0.0 0.138900320073 0.0 0.0 0.0 0.0 0.0 0.0791466620942 0.0 0.0 0.0 0.0 0.0 0.0 0.434602194787 0.0 0.0 0.0 0.0 0.0 0.921084819387 0.0 0.0 0.0 0.0 0.0 0.0 0.833982053041 0.0 0.0 0.0 0.0 0.0 0.236942729767 0.0 0.0 0.0 0.0 0.0 0.0 0.229815386374 0.0 0.0 0.0 0.0 0.0 3.21211133973 0.0 0.0 0.0 0.0 0.0 0.32329961134 10 
0.0589248971193 0.0 0.0 0.0 0.0 0.0 0.153072130773 0.0 0.0 0.0 0.0 0.0 0.1334304984 0.0 0.0 0.0 0.0 0.0 0.0 0.455818472794 0.0 0.0 0.0 0.0 0.0 0.925228623685 0.0 0.0 0.0 0.0 0.0 0.0 0.718038408779 0.0 0.0 0.0 0.0 0.0 0.24407007316 0.0 0.0 0.0 0.0 0.0 0.0 0.20876486054 0.0 0.0 0.0 0.0 0.0 3.26598079561 0.0 0.0 0.0 0.0 0.0 0.281115683585 12 
0.0889260402378 0.0 0.0 0.0 0.0 0.0 0.250451531779 0.0 0.0 0.0 0.0 0.0 0.16318301326 0.0 0.0 0.0 0.0 0.0 0.0 0.543418495656 0.0 0.0 0.0 0.0 0.0 0.928377914952 0.0 0.0 0.0 0.0 0.0 0.0 0.917272519433 0.0 0.0 0.0 0.0 0.0 0.346504915409 0.0 0.0 0.0 0.0 0.0 0.0 0.326448902606 0.0 0.0 0.0 0.0 0.0 2.39420724737 0.0 0.0 0.0 0.0 0.0 0.48565386374 12 
0.107738911751 0.0 0.0 0.0 0.0 0.0 0.335979652492 0.0 0.0 0.0 0.0 0.0 0.221610653864 0.0 0.0 0.0 0.0 0.0 0.0 0.585768175583 0.0 0.0 0.0 0.0 0.0 0.79478166438 0.0 0.0 0.0 0.0 0.0 0.0 0.96476051669 0.0 0.0 0.0 0.0 0.0 0.437751486054 0.0 0.0 0.0 0.0 0.0 0.0 0.452089048925 0.0 0.0 0.0 0.0 0.0 1.95073731139 0.0 0.0 0.0 0.0 0.0 0.59322702332 12 
0.0629858253315 0.0 0.0 0.0 0.0 0.0 0.175531550069 0.0 0.0 0.0 0.0 0.0 0.146524919982 0.0 0.0 0.0 0.0 0.0 0.0 0.509853680841 0.0 0.0 0.0 0.0 0.0 0.992192501143 0.0 0.0 0.0 0.0 0.0 0.0 0.850391518061 0.0 0.0 0.0 0.0 0.0 0.300757315958 0.0 0.0 0.0 0.0 0.0 0.0 0.231390032007 0.0 0.0 0.0 0.0 0.0 2.86079961134 0.0 0.0 0.0 0.0 0.0 0.314017489712 12 
0.0770747599451 0.0 0.0 0.0 0.0 0.0 0.224428440786 0.0 0.0 0.0 0.0 0.0 0.167243941472 0.0 0.0 0.0 0.0 0.0 0.0 0.555518404207 0.0 0.0 0.0 0.0 0.0 0.944041495199 0.0 0.0 0.0 0.0 0.0 0.0 0.972385116598 0.0 0.0 0.0 0.0 0.0 0.370538980338 0.0 0.0 0.0 0.0 0.0 0.0 0.340703589392 0.0 0.0 0.0 0.0 0.0 2.29724222679 0.0 0.0 0.0 0.0 0.0 0.495267489712 12 
0.0770747599451 0.0 0.0 0.0 0.0 0.0 0.224428440786 0.0 0.0 0.0 0.0 0.0 0.167243941472 0.0 0.0 0.0 0.0 0.0 0.0 0.555518404207 0.0 0.0 0.0 0.0 0.0 0.944041495199 0.0 0.0 0.0 0.0 0.0 0.0 0.972385116598 0.0 0.0 0.0 0.0 0.0 0.370538980338 0.0 0.0 0.0 0.0 0.0 0.0 0.340703589392 0.0 0.0 0.0 0.0 0.0 2.29724222679 0.0 0.0 0.0 0.0 0.0 0.495267489712 12 
0.0589248971193 0.0 0.0 0.0 0.0 0.0 0.228240740741 0.0 0.0 0.0 0.0 0.0 0.138237311385 0.0 0.0 0.0 0.0 0.0 0.0 0.644444444444 0.0 0.0 0.0 0.0 0.0 1.09263831733 0.0 0.0 0.0 0.0 0.0 0.0 1.07515146319 0.0 0.0 0.0 0.0 0.0 0.394904549611 0.0 0.0 0.0 0.0 0.0 0.0 0.365566415181 0.0 0.0 0.0 0.0 0.0 1.85518118427 0.0 0.0 0.0 0.0 0.0 0.591155121171 12 
0.0992855509831 0.0 0.0 0.0 0.0 0.0 0.284182098765 0.0 0.0 0.0 0.0 0.0 0.192935528121 0.0 0.0 0.0 0.0 0.0 0.0 0.648588248743 0.0 0.0 0.0 0.0 0.0 1.04747085048 0.0 0.0 0.0 0.0 0.0 0.0 1.06354881116 0.0 0.0 0.0 0.0 0.0 0.428635116598 0.0 0.0 0.0 0.0 0.0 0.0 0.41073388203 0.0 0.0 0.0 0.0 0.0 1.660173754 0.0 0.0 0.0 0.0 0.0 0.608890603567 12 
0.105667009602 0.0 0.0 0.0 0.0 0.0 0.320730452675 0.0 0.0 0.0 0.0 0.0 0.202466278006 0.0 0.0 0.0 0.0 0.0 0.0 0.703535093736 0.0 0.0 0.0 0.0 0.0 1.069184385 0.0 0.0 0.0 0.0 0.0 0.0 1.13092706904 0.0 0.0 0.0 0.0 0.0 0.470238911751 0.0 0.0 0.0 0.0 0.0 0.0 0.435679583905 0.0 0.0 0.0 0.0 0.0 1.33157007316 0.0 0.0 0.0 0.0 0.0 0.674445587563 12 
0.0969650205761 0.0 0.0 0.0 0.0 0.0 0.284845107453 0.0 0.0 0.0 0.0 0.0 0.195670438957 0.0 0.0 0.0 0.0 0.0 0.0 0.63549382716 0.0 0.0 0.0 0.0 0.0 1.01498342478 0.0 0.0 0.0 0.0 0.0 0.0 1.08493084134 0.0 0.0 0.0 0.0 0.0 0.431452903521 0.0 0.0 0.0 0.0 0.0 0.0 0.427889231824 0.0 0.0 0.0 0.0 0.0 1.6743455647 0.0 0.0 0.0 0.0 0.0 0.597868084134 12 
0.0953074988569 0.0 0.0 0.0 0.0 0.0 0.286088248743 0.0 0.0 0.0 0.0 0.0 0.195919067215 0.0 0.0 0.0 0.0 0.0 0.0 0.639637631459 0.0 0.0 0.0 0.0 0.0 1.0385202332 0.0 0.0 0.0 0.0 0.0 0.0 1.09205818473 0.0 0.0 0.0 0.0 0.0 0.434104938272 0.0 0.0 0.0 0.0 0.0 0.0 0.40211476909 0.0 0.0 0.0 0.0 0.0 1.65793609968 0.0 0.0 0.0 0.0 0.0 0.602757773205 12 
0.0308299039781 0.0 0.0 0.0 0.0 0.0 0.0984567901235 0.0 0.0 0.0 0.0 0.0 0.0690357796068 0.0 0.0 0.0 0.0 0.0 0.0 0.284264974851 0.0 0.0 0.0 0.0 0.0 0.591403749428 0.0 0.0 0.0 0.0 0.0 0.0 0.590574988569 0.0 0.0 0.0 0.0 0.0 0.181913008688 0.0 0.0 0.0 0.0 0.0 0.0 0.162354252401 0.0 0.0 0.0 0.0 0.0 4.19742512574 0.0 0.0 0.0 0.0 0.0 0.238185871056 13 
0.039863397348 0.0 0.0 0.0 0.0 0.0 0.117601165981 0.0 0.0 0.0 0.0 0.0 0.0871027663466 0.0 0.0 0.0 0.0 0.0 0.0 0.304901120256 0.0 0.0 0.0 0.0 0.0 0.625465820759 0.0 0.0 0.0 0.0 0.0 0.0 0.612205647005 0.0 0.0 0.0 0.0 0.0 0.168901463192 0.0 0.0 0.0 0.0 0.0 0.0 0.163265889346 0.0 0.0 0.0 0.0 0.0 4.05794467307 0.0 0.0 0.0 0.0 0.0 0.267192501143 13 
0.0400291495199 0.0 0.0 0.0 0.0 0.0 0.120750457247 0.0 0.0 0.0 0.0 0.0 0.0923239597622 0.0 0.0 0.0 0.0 0.0 0.0 0.308381915866 0.0 0.0 0.0 0.0 0.0 0.637399977138 0.0 0.0 0.0 0.0 0.0 0.0 0.595796181984 0.0 0.0 0.0 0.0 0.0 0.170393232739 0.0 0.0 0.0 0.0 0.0 0.0 0.171636374028 0.0 0.0 0.0 0.0 0.0 4.02512574303 0.0 0.0 0.0 0.0 0.0 0.282607453132 13 
0.046410608139 0.0 0.0 0.0 0.0 0.0 0.164591906722 0.0 0.0 0.0 0.0 0.0 0.120418952904 0.0 0.0 0.0 0.0 0.0 0.0 0.472642318244 0.0 0.0 0.0 0.0 0.0 0.850888774577 0.0 0.0 0.0 0.0 0.0 0.0 0.900863054412 0.0 0.0 0.0 0.0 0.0 0.312194215821 0.0 0.0 0.0 0.0 0.0 0.0 0.260728166438 0.0 0.0 0.0 0.0 0.0 2.98585962506 0.0 0.0 0.0 0.0 0.0 0.329846822131 13 
0.0320730452675 0.0 0.0 0.0 0.0 0.0 0.0997828074989 0.0 0.0 0.0 0.0 0.0 0.0798925468679 0.0 0.0 0.0 0.0 0.0 0.0 0.308133287609 0.0 0.0 0.0 0.0 0.0 0.663754572474 0.0 0.0 0.0 0.0 0.0 0.0 0.629360996799 0.0 0.0 0.0 0.0 0.0 0.167161065386 0.0 0.0 0.0 0.0 0.0 0.0 0.155724165524 0.0 0.0 0.0 0.0 0.0 4.05487825789 0.0 0.0 0.0 0.0 0.0 0.253683699131 13 
0.0425154320988 0.0 0.0 0.0 0.0 0.0 0.116275148605 0.0 0.0 0.0 0.0 0.0 0.08395347508 0.0 0.0 0.0 0.0 0.0 0.0 0.306724394147 0.0 0.0 0.0 0.0 0.0 0.634830818473 0.0 0.0 0.0 0.0 0.0 0.0 0.609885116598 0.0 0.0 0.0 0.0 0.0 0.171304869684 0.0 0.0 0.0 0.0 0.0 0.0 0.166912437128 0.0 0.0 0.0 0.0 0.0 4.02736339735 0.0 0.0 0.0 0.0 0.0 0.284679355281 13 
0.0903349336991 0.0 0.0 0.0 0.0 0.0 0.256915866484 0.0 0.0 0.0 0.0 0.0 0.1859739369 0.0 0.0 0.0 0.0 0.0 0.0 0.661599794239 0.0 0.0 0.0 0.0 0.0 1.05053726566 0.0 0.0 0.0 0.0 0.0 0.0 1.21338877458 0.0 0.0 0.0 0.0 0.0 0.436508344765 0.0 0.0 0.0 0.0 0.0 0.0 0.413883173297 0.0 0.0 0.0 0.0 0.0 1.62287951532 0.0 0.0 0.0 0.0 0.0 0.512422839506 13 
0.042101051669 0.0 0.0 0.0 0.0 0.0 0.124645633288 0.0 0.0 0.0 0.0 0.0 0.0901691815272 0.0 0.0 0.0 0.0 0.0 0.0 0.30009430727 0.0 0.0 0.0 0.0 0.0 0.634416438043 0.0 0.0 0.0 0.0 0.0 0.0 0.582038751715 0.0 0.0 0.0 0.0 0.0 0.165503543667 0.0 0.0 0.0 0.0 0.0 0.0 0.171304869684 0.0 0.0 0.0 0.0 0.0 4.05123171011 0.0 0.0 0.0 0.0 0.0 0.282938957476 13 
0.0406921582076 0.0 0.0 0.0 0.0 0.0 0.117021033379 0.0 0.0 0.0 0.0 0.0 0.0855281207133 0.0 0.0 0.0 0.0 0.0 0.0 0.311116826703 0.0 0.0 0.0 0.0 0.0 0.63242741198 0.0 0.0 0.0 0.0 0.0 0.0 0.613448788294 0.0 0.0 0.0 0.0 0.0 0.165586419753 0.0 0.0 0.0 0.0 0.0 0.0 0.167575445816 0.0 0.0 0.0 0.0 0.0 4.05429812529 0.0 0.0 0.0 0.0 0.0 0.256750114312 13 
0.0454989711934 0.0 0.0 0.0 0.0 0.0 0.127712048468 0.0 0.0 0.0 0.0 0.0 0.0876828989483 0.0 0.0 0.0 0.0 0.0 0.0 0.303409350709 0.0 0.0 0.0 0.0 0.0 0.628863740283 0.0 0.0 0.0 0.0 0.0 0.0 0.564634773663 0.0 0.0 0.0 0.0 0.0 0.162354252401 0.0 0.0 0.0 0.0 0.0 0.0 0.170061728395 0.0 0.0 0.0 0.0 0.0 4.08189586191 0.0 0.0 0.0 0.0 0.0 0.272330818473 13 
0.0418524234111 0.0 0.0 0.0 0.0 0.0 0.120418952904 0.0 0.0 0.0 0.0 0.0 0.0846164837677 0.0 0.0 0.0 0.0 0.0 0.0 0.305481252858 0.0 0.0 0.0 0.0 0.0 0.608144718793 0.0 0.0 0.0 0.0 0.0 0.0 0.591320873342 0.0 0.0 0.0 0.0 0.0 0.168984339278 0.0 0.0 0.0 0.0 0.0 0.0 0.171139117513 0.0 0.0 0.0 0.0 0.0 4.08603966621 0.0 0.0 0.0 0.0 0.0 0.266446616369 13 
0.0392832647462 0.0 0.0 0.0 0.0 0.0 0.114037494284 0.0 0.0 0.0 0.0 0.0 0.0827103337906 0.0 0.0 0.0 0.0 0.0 0.0 0.33970907636 0.0 0.0 0.0 0.0 0.0 0.740746456333 0.0 0.0 0.0 0.0 0.0 0.0 0.646930727023 0.0 0.0 0.0 0.0 0.0 0.184647919524 0.0 0.0 0.0 0.0 0.0 0.0 0.178100708733 0.0 0.0 0.0 0.0 0.0 3.86815843621 0.0 0.0 0.0 0.0 0.0 0.250120027435 14 
0.0455818472794 0.0 0.0 0.0 0.0 0.0 0.152657750343 0.0 0.0 0.0 0.0 0.0 0.090666438043 0.0 0.0 0.0 0.0 0.0 0.0 0.457890374943 0.0 0.0 0.0 0.0 0.0 0.789726223137 0.0 0.0 0.0 0.0 0.0 0.0 0.950257201646 0.0 0.0 0.0 0.0 0.0 0.281447187929 0.0 0.0 0.0 0.0 0.0 0.0 0.318409922268 0.0 0.0 0.0 0.0 0.0 2.92900663009 0.0 0.0 0.0 0.0 0.0 0.42880086877 14 
0.0329018061271 0.0 0.0 0.0 0.0 0.0 0.114451874714 0.0 0.0 0.0 0.0 0.0 0.0722679469593 0.0 0.0 0.0 0.0 0.0 0.0 0.374102652035 0.0 0.0 0.0 0.0 0.0 0.804478166438 0.0 0.0 0.0 0.0 0.0 0.0 0.782184499314 0.0 0.0 0.0 0.0 0.0 0.218129858253 0.0 0.0 0.0 0.0 0.0 0.0 0.203129286694 0.0 0.0 0.0 0.0 0.0 3.53988625972 0.0 0.0 0.0 0.0 0.0 0.302912094193 14 
0.0683727709191 0.0 0.0 0.0 0.0 0.0 0.219207247371 0.0 0.0 0.0 0.0 0.0 0.15414951989 0.0 0.0 0.0 0.0 0.0 0.0 0.611128257888 0.0 0.0 0.0 0.0 0.0 1.10208619113 0.0 0.0 0.0 0.0 0.0 0.0 1.03835448102 0.0 0.0 0.0 0.0 0.0 0.368052697759 0.0 0.0 0.0 0.0 0.0 0.0 0.328272176497 0.0 0.0 0.0 0.0 0.0 2.14151806127 0.0 0.0 0.0 0.0 0.0 0.413303040695 14 
0.0340620713306 0.0 0.0 0.0 0.0 0.0 0.149757087334 0.0 0.0 0.0 0.0 0.0 0.0837048468221 0.0 0.0 0.0 0.0 0.0 0.0 0.457641746685 0.0 0.0 0.0 0.0 0.0 0.85718735711 0.0 0.0 0.0 0.0 0.0 0.0 0.96782693187 0.0 0.0 0.0 0.0 0.0 0.2910608139 0.0 0.0 0.0 0.0 0.0 0.0 0.297525148605 0.0 0.0 0.0 0.0 0.0 2.90480681299 0.0 0.0 0.0 0.0 0.0 0.400871627801 14 
0.0340620713306 0.0 0.0 0.0 0.0 0.0 0.149757087334 0.0 0.0 0.0 0.0 0.0 0.0837048468221 0.0 0.0 0.0 0.0 0.0 0.0 0.457641746685 0.0 0.0 0.0 0.0 0.0 0.85718735711 0.0 0.0 0.0 0.0 0.0 0.0 0.96782693187 0.0 0.0 0.0 0.0 0.0 0.2910608139 0.0 0.0 0.0 0.0 0.0 0.0 0.297525148605 0.0 0.0 0.0 0.0 0.0 2.90480681299 0.0 0.0 0.0 0.0 0.0 0.400871627801 14 
0.0793952903521 0.0 0.0 0.0 0.0 0.0 0.198405349794 0.0 0.0 0.0 0.0 0.0 0.157796067673 0.0 0.0 0.0 0.0 0.0 0.0 0.55195473251 0.0 0.0 0.0 0.0 0.0 0.930698445359 0.0 0.0 0.0 0.0 0.0 0.0 0.999071216278 0.0 0.0 0.0 0.0 0.0 0.350234339278 0.0 0.0 0.0 0.0 0.0 0.0 0.350565843621 0.0 0.0 0.0 0.0 0.0 2.43896033379 0.0 0.0 0.0 0.0 0.0 0.387362825789 14 
0.0381229995428 0.0 0.0 0.0 0.0 0.0 0.151165980796 0.0 0.0 0.0 0.0 0.0 0.0852794924554 0.0 0.0 0.0 0.0 0.0 0.0 0.439326131687 0.0 0.0 0.0 0.0 0.0 0.798179583905 0.0 0.0 0.0 0.0 0.0 0.0 0.932190214906 0.0 0.0 0.0 0.0 0.0 0.275811614083 0.0 0.0 0.0 0.0 0.0 0.0 0.292801211706 0.0 0.0 0.0 0.0 0.0 3.0369941701 0.0 0.0 0.0 0.0 0.0 0.394573045267 14 
0.0357195930498 0.0 0.0 0.0 0.0 0.0 0.161111111111 0.0 0.0 0.0 0.0 0.0 0.0843678555098 0.0 0.0 0.0 0.0 0.0 0.0 0.469907407407 0.0 0.0 0.0 0.0 0.0 0.829589620485 0.0 0.0 0.0 0.0 0.0 0.0 0.980838477366 0.0 0.0 0.0 0.0 0.0 0.304320987654 0.0 0.0 0.0 0.0 0.0 0.0 0.312774348422 0.0 0.0 0.0 0.0 0.0 2.83693129858 0.0 0.0 0.0 0.0 0.0 0.428883744856 14 
0.0403606538637 0.0 0.0 0.0 0.0 0.0 0.132435985368 0.0 0.0 0.0 0.0 0.0 0.0832075903064 0.0 0.0 0.0 0.0 0.0 0.0 0.412142775492 0.0 0.0 0.0 0.0 0.0 0.768592821216 0.0 0.0 0.0 0.0 0.0 0.0 0.826854709648 0.0 0.0 0.0 0.0 0.0 0.250865912209 0.0 0.0 0.0 0.0 0.0 0.0 0.253849451303 0.0 0.0 0.0 0.0 0.0 3.31520919067 0.0 0.0 0.0 0.0 0.0 0.360925354367 14 
0.0382058756287 0.0 0.0 0.0 0.0 0.0 0.141883859168 0.0 0.0 0.0 0.0 0.0 0.0829589620485 0.0 0.0 0.0 0.0 0.0 0.0 0.445044581619 0.0 0.0 0.0 0.0 0.0 0.821219135802 0.0 0.0 0.0 0.0 0.0 0.0 0.950837334248 0.0 0.0 0.0 0.0 0.0 0.282193072702 0.0 0.0 0.0 0.0 0.0 0.0 0.288823159579 0.0 0.0 0.0 0.0 0.0 3.01113683128 0.0 0.0 0.0 0.0 0.0 0.382141632373 14 
0.0474051211706 0.0 0.0 0.0 0.0 0.0 0.221776406036 0.0 0.0 0.0 0.0 0.0 0.106164266118 0.0 0.0 0.0 0.0 0.0 0.0 0.601183127572 0.0 0.0 0.0 0.0 0.0 1.02476280293 0.0 0.0 0.0 0.0 0.0 0.0 1.19341563786 0.0 0.0 0.0 0.0 0.0 0.39739083219 0.0 0.0 0.0 0.0 0.0 0.0 0.381478623685 0.0 0.0 0.0 0.0 0.0 1.8750714449 0.0 0.0 0.0 0.0 0.0 0.595796181984 15 
0.0671296296296 0.0 0.0 0.0 0.0 0.0 0.242246799268 0.0 0.0 0.0 0.0 0.0 0.135005144033 0.0 0.0 0.0 0.0 0.0 0.0 0.55195473251 0.0 0.0 0.0 0.0 0.0 0.987054183813 0.0 0.0 0.0 0.0 0.0 0.0 0.899619913123 0.0 0.0 0.0 0.0 0.0 0.328437928669 0.0 0.0 0.0 0.0 0.0 0.0 0.294873113855 0.0 0.0 0.0 0.0 0.0 2.41973308185 0.0 0.0 0.0 0.0 0.0 0.518389917695 15 
0.0522948102423 0.0 0.0 0.0 0.0 0.0 0.193930041152 0.0 0.0 0.0 0.0 0.0 0.121496342021 0.0 0.0 0.0 0.0 0.0 0.0 0.505461248285 0.0 0.0 0.0 0.0 0.0 0.87011602652 0.0 0.0 0.0 0.0 0.0 0.0 0.818069844536 0.0 0.0 0.0 0.0 0.0 0.298934042067 0.0 0.0 0.0 0.0 0.0 0.0 0.261391175126 0.0 0.0 0.0 0.0 0.0 2.88806584362 0.0 0.0 0.0 0.0 0.0 0.434685070873 15 
0.10550125743 0.0 0.0 0.0 0.0 0.0 0.412557155921 0.0 0.0 0.0 0.0 0.0 0.22169352995 0.0 0.0 0.0 0.0 0.0 0.0 0.758730566987 0.0 0.0 0.0 0.0 0.0 1.35295210334 0.0 0.0 0.0 0.0 0.0 0.0 1.20037722908 0.0 0.0 0.0 0.0 0.0 0.535379515318 0.0 0.0 0.0 0.0 0.0 0.0 0.423745427526 0.0 0.0 0.0 0.0 0.0 0.662014174668 0.0 0.0 0.0 0.0 0.0 0.771493484225 15 
0.0604995427526 0.0 0.0 0.0 0.0 0.0 0.22600308642 0.0 0.0 0.0 0.0 0.0 0.125723022405 0.0 0.0 0.0 0.0 0.0 0.0 0.544413008688 0.0 0.0 0.0 0.0 0.0 0.983407636031 0.0 0.0 0.0 0.0 0.0 0.0 0.900614426155 0.0 0.0 0.0 0.0 0.0 0.325951646091 0.0 0.0 0.0 0.0 0.0 0.0 0.28799439872 0.0 0.0 0.0 0.0 0.0 2.48346479195 0.0 0.0 0.0 0.0 0.0 0.506372885231 15 
0.0507201646091 0.0 0.0 0.0 0.0 0.0 0.188377343393 0.0 0.0 0.0 0.0 0.0 0.108899176955 0.0 0.0 0.0 0.0 0.0 0.0 0.478609396433 0.0 0.0 0.0 0.0 0.0 0.86746399177 0.0 0.0 0.0 0.0 0.0 0.0 0.848485368084 0.0 0.0 0.0 0.0 0.0 0.277054755373 0.0 0.0 0.0 0.0 0.0 0.0 0.268269890261 0.0 0.0 0.0 0.0 0.0 2.90770747599 0.0 0.0 0.0 0.0 0.0 0.448856881573 15 
0.050885916781 0.0 0.0 0.0 0.0 0.0 0.20669295839 0.0 0.0 0.0 0.0 0.0 0.143872885231 0.0 0.0 0.0 0.0 0.0 0.0 0.699888545953 0.0 0.0 0.0 0.0 0.0 1.39099222679 0.0 0.0 0.0 0.0 0.0 0.0 1.29957990398 0.0 0.0 0.0 0.0 0.0 0.440900777321 0.0 0.0 0.0 0.0 0.0 0.0 0.359682213077 0.0 0.0 0.0 0.0 0.0 1.44618770005 0.0 0.0 0.0 0.0 0.0 0.405761316872 15 
0.0566043667124 0.0 0.0 0.0 0.0 0.0 0.185476680384 0.0 0.0 0.0 0.0 0.0 0.121993598537 0.0 0.0 0.0 0.0 0.0 0.0 0.474962848651 0.0 0.0 0.0 0.0 0.0 0.902189071788 0.0 0.0 0.0 0.0 0.0 0.0 0.829423868313 0.0 0.0 0.0 0.0 0.0 0.283601966164 0.0 0.0 0.0 0.0 0.0 0.0 0.25144604481 0.0 0.0 0.0 0.0 0.0 2.91425468679 0.0 0.0 0.0 0.0 0.0 0.4244913123 15 
0.0581790123457 0.0 0.0 0.0 0.0 0.0 0.219704503887 0.0 0.0 0.0 0.0 0.0 0.127380544124 0.0 0.0 0.0 0.0 0.0 0.0 0.549136945588 0.0 0.0 0.0 0.0 0.0 0.99409865112 0.0 0.0 0.0 0.0 0.0 0.0 0.905338363054 0.0 0.0 0.0 0.0 0.0 0.325288637403 0.0 0.0 0.0 0.0 0.0 0.0 0.282773205304 0.0 0.0 0.0 0.0 0.0 2.48106138546 0.0 0.0 0.0 0.0 0.0 0.501483196159 15 
0.0602509144947 0.0 0.0 0.0 0.0 0.0 0.231307155921 0.0 0.0 0.0 0.0 0.0 0.139563328761 0.0 0.0 0.0 0.0 0.0 0.0 0.548308184728 0.0 0.0 0.0 0.0 0.0 0.966003657979 0.0 0.0 0.0 0.0 0.0 0.0 0.88470221765 0.0 0.0 0.0 0.0 0.0 0.330592706904 0.0 0.0 0.0 0.0 0.0 0.0 0.291972450846 0.0 0.0 0.0 0.0 0.0 2.48321616369 0.0 0.0 0.0 0.0 0.0 0.508527663466 15 
0.0513002972108 0.0 0.0 0.0 0.0 0.0 0.195753315043 0.0 0.0 0.0 0.0 0.0 0.121330589849 0.0 0.0 0.0 0.0 0.0 0.0 0.478775148605 0.0 0.0 0.0 0.0 0.0 0.842269661637 0.0 0.0 0.0 0.0 0.0 0.0 0.819975994513 0.0 0.0 0.0 0.0 0.0 0.290397805213 0.0 0.0 0.0 0.0 0.0 0.0 0.259650777321 0.0 0.0 0.0 0.0 0.0 2.94508459076 0.0 0.0 0.0 0.0 0.0 0.439906264289 15 
